A = [ 1 2 2 1; 0 2 2 1; 0 1 0 1; 4 0 -2 8];

B = [1 5 -4.5 -1]';
D = A\B;
%D = [1 -17.5 15.5 4]';

dvec = D;
dvec(2:3) = 0;

Q = B - A*dvec;

A(:,1) = 0;
A(:,4)= 0;

A(1,:) = 0;
A(1,1) = 1 ;
A(4,:) = 0;
A(4,4) = 1;
