% Purpose: declare global variables

%----------------------- Global variables----------------------------%
global f df Dr Ds nx ny Fscale LIFT map nN nE npf rx ry sx sy Nfp ...
       bnodes P Vnd x y EToE EToV EToF kxi eta press dx dy Fmask ...
       inedge perm_ layer test;
%------------------------------------------------------------------------%
% Low storage Runge-Kutta coefficients
rk4a = [            0.0 ...
    -567301805773.0/1357537059087.0 ...
    -2404267990393.0/2016746695238.0 ...
    -3550918686646.0/2091501179385.0  ...
    -1275806237668.0/842570457699.0];
rk4b = [ 1432997174477.0/9575080441755.0 ...
    5161836677717.0/13612068292357.0 ...
    1720146321549.0/2090206949498.0  ...
    3134564353537.0/4481467310338.0  ...
    2277821191437.0/14882151754819.0];
