$MeshFormat
2.2 0 8
$EndMeshFormat
$Nodes
289
1 0 0 0
2 1 0 0
3 1 1 0
4 0 1 0
5 0.1249999999997731 0 0
6 0.2499999999994109 0 0
7 0.3749999999990461 0 0
8 0.4999999999986921 0 0
9 0.6249999999990109 0 0
10 0.7499999999993406 0 0
11 0.8749999999996703 0 0
12 0.06249999999988655 0 0
13 0.187499999999592 0 0
14 0.3124999999992285 0 0
15 0.4374999999988691 0 0
16 0.5624999999988515 0 0
17 0.6874999999991758 0 0
18 0.8124999999995055 0 0
19 0.9374999999998351 0 0
20 1 0.1249999999997731 0
21 1 0.2499999999994109 0
22 1 0.3749999999990461 0
23 1 0.4999999999986921 0
24 1 0.6249999999990109 0
25 1 0.7499999999993406 0
26 1 0.8749999999996703 0
27 1 0.06249999999988655 0
28 1 0.187499999999592 0
29 1 0.3124999999992285 0
30 1 0.4374999999988691 0
31 1 0.5624999999988515 0
32 1 0.6874999999991758 0
33 1 0.8124999999995055 0
34 1 0.9374999999998351 0
35 0.8749999999995012 1 0
36 0.7500000000003471 1 0
37 0.625000000001214 1 0
38 0.5000000000020595 1 0
39 0.3750000000015609 1 0
40 0.2500000000010405 1 0
41 0.1250000000005203 1 0
42 0.9374999999997506 1 0
43 0.8124999999999241 1 0
44 0.6875000000007805 1 0
45 0.5625000000016367 1 0
46 0.4375000000018102 1 0
47 0.3125000000013007 1 0
48 0.1875000000007804 1 0
49 0.06250000000026015 1 0
50 0 0.8749999999995012 0
51 0 0.7500000000003471 0
52 0 0.625000000001214 0
53 0 0.5000000000020595 0
54 0 0.3750000000015609 0
55 0 0.2500000000010405 0
56 0 0.1250000000005203 0
57 0 0.9374999999997506 0
58 0 0.8124999999999241 0
59 0 0.6875000000007805 0
60 0 0.5625000000016367 0
61 0 0.4375000000018102 0
62 0 0.3125000000013007 0
63 0 0.1875000000007804 0
64 0 0.06250000000026015 0
65 0.1249999999998665 0.1250000000004269 0
66 0.1249999999999599 0.2500000000008368 0
67 0.1250000000000533 0.3750000000012466 0
68 0.1250000000001467 0.5000000000016386 0
69 0.1250000000002401 0.6250000000009386 0
70 0.1250000000003335 0.7500000000002213 0
71 0.1250000000004269 0.8749999999995224 0
72 0.2499999999996146 0.1250000000003335 0
73 0.2499999999998183 0.2500000000006331 0
74 0.250000000000022 0.3750000000009321 0
75 0.2500000000002257 0.5000000000012177 0
76 0.2500000000004294 0.6250000000006631 0
77 0.2500000000006332 0.7500000000000954 0
78 0.2500000000008369 0.8749999999995435 0
79 0.3749999999993604 0.1250000000002401 0
80 0.3749999999996748 0.2500000000004294 0
81 0.3749999999999891 0.3750000000006178 0
82 0.3750000000003035 0.5000000000007968 0
83 0.3750000000006178 0.6250000000003878 0
84 0.3750000000009321 0.7499999999999697 0
85 0.3750000000012466 0.8749999999995646 0
86 0.499999999999113 0.1250000000001467 0
87 0.499999999999534 0.2500000000002257 0
88 0.4999999999999548 0.3750000000003034 0
89 0.5000000000003758 0.5000000000003758 0
90 0.5000000000007967 0.6250000000001126 0
91 0.5000000000012177 0.7499999999998439 0
92 0.5000000000016385 0.8749999999995857 0
93 0.6249999999992864 0.1250000000000533 0
94 0.6249999999995618 0.250000000000022 0
95 0.6249999999998369 0.3749999999999891 0
96 0.6250000000001126 0.4999999999999548 0
97 0.6250000000003878 0.6249999999998371 0
98 0.6250000000006634 0.7499999999997179 0
99 0.6250000000009387 0.8749999999996068 0
100 0.7499999999994663 0.1249999999999599 0
101 0.7499999999995922 0.2499999999998183 0
102 0.7499999999997179 0.3749999999996748 0
103 0.7499999999998439 0.499999999999534 0
104 0.7499999999999697 0.6249999999995618 0
105 0.7500000000000953 0.7499999999995921 0
106 0.7500000000002213 0.8749999999996281 0
107 0.8749999999996492 0.1249999999998666 0
108 0.8749999999996279 0.2499999999996146 0
109 0.8749999999996068 0.3749999999993605 0
110 0.8749999999995857 0.499999999999113 0
111 0.8749999999995646 0.6249999999992862 0
112 0.8749999999995435 0.7499999999994665 0
113 0.8749999999995224 0.8749999999996492 0
114 0.1249999999998198 0.06250000000021345 0
115 0.06249999999993325 0.1250000000004736 0
116 0.0624999999999099 0.06250000000023681 0
117 0.1249999999999132 0.1875000000006318 0
118 0.06249999999997995 0.2500000000009386 0
119 0.0624999999999566 0.1875000000007061 0
120 0.1250000000000066 0.3125000000010417 0
121 0.06250000000002665 0.3750000000014038 0
122 0.0625000000000033 0.3125000000011712 0
123 0.1250000000001 0.4375000000014426 0
124 0.06250000000007334 0.500000000001849 0
125 0.06250000000004999 0.4375000000016264 0
126 0.1250000000001934 0.5625000000012885 0
127 0.06250000000012006 0.6250000000010763 0
128 0.0625000000000967 0.5625000000014626 0
129 0.1250000000002868 0.68750000000058 0
130 0.06250000000016676 0.7500000000002842 0
131 0.06250000000014341 0.6875000000006801 0
132 0.1250000000003802 0.8124999999998719 0
133 0.06250000000021345 0.8749999999995117 0
134 0.0625000000001901 0.812499999999898 0
135 0.1250000000004736 0.9374999999997612 0
136 0.06250000000023681 0.9374999999997559 0
137 0.2499999999995128 0.06250000000016676 0
138 0.1874999999997405 0.1250000000003802 0
139 0.1874999999996663 0.0625000000001901 0
140 0.2499999999997165 0.1875000000004833 0
141 0.1874999999998891 0.250000000000735 0
142 0.1874999999998148 0.1875000000005576 0
143 0.2499999999999202 0.3125000000007826 0
144 0.1875000000000376 0.3750000000010894 0
145 0.1874999999999634 0.3125000000009122 0
146 0.2500000000001239 0.4375000000010749 0
147 0.1875000000001862 0.5000000000014282 0
148 0.1875000000001119 0.4375000000012588 0
149 0.2500000000003275 0.5625000000009404 0
150 0.1875000000003347 0.6250000000008009 0
151 0.1875000000002605 0.5625000000011144 0
152 0.2500000000005313 0.6875000000003793 0
153 0.1875000000004834 0.7500000000001583 0
154 0.1875000000004091 0.6875000000004796 0
155 0.2500000000007351 0.8124999999998195 0
156 0.1875000000006319 0.8749999999995329 0
157 0.1875000000005576 0.8124999999998457 0
158 0.2500000000009387 0.9374999999997717 0
159 0.1875000000007062 0.9374999999997664 0
160 0.3749999999992033 0.06250000000012006 0
161 0.3124999999994875 0.1250000000002868 0
162 0.312499999999358 0.06250000000014341 0
163 0.3749999999995176 0.1875000000003347 0
164 0.3124999999997465 0.2500000000005312 0
165 0.312499999999617 0.187500000000409 0
166 0.374999999999832 0.3125000000005236 0
167 0.3125000000000056 0.3750000000007749 0
168 0.312499999999876 0.3125000000006531 0
169 0.3750000000001463 0.4375000000007073 0
170 0.3125000000002646 0.5000000000010072 0
171 0.3125000000001351 0.4375000000008911 0
172 0.3750000000004606 0.5625000000005923 0
173 0.3125000000005236 0.6250000000005255 0
174 0.3125000000003941 0.5625000000007663 0
175 0.3750000000007749 0.6875000000001788 0
176 0.3125000000007827 0.7500000000000325 0
177 0.3125000000006531 0.687500000000279 0
178 0.3750000000010894 0.8124999999997671 0
179 0.3125000000010417 0.874999999999554 0
180 0.3125000000009122 0.8124999999997933 0
181 0.3750000000014038 0.9374999999997823 0
182 0.3125000000011712 0.9374999999997771 0
183 0.4999999999989025 0.06250000000007334 0
184 0.4374999999992367 0.1250000000001934 0
185 0.4374999999990529 0.0625000000000967 0
186 0.4999999999993235 0.1875000000001862 0
187 0.4374999999996044 0.2500000000003275 0
188 0.4374999999994206 0.1875000000002605 0
189 0.4999999999997444 0.3125000000002646 0
190 0.437499999999972 0.3750000000004606 0
191 0.4374999999997882 0.3125000000003941 0
192 0.5000000000001653 0.4375000000003396 0
193 0.4375000000003396 0.5000000000005863 0
194 0.4375000000001558 0.4375000000005235 0
195 0.5000000000005862 0.5625000000002443 0
196 0.4375000000007072 0.6250000000002502 0
197 0.4375000000005234 0.5625000000004182 0
198 0.5000000000010072 0.6874999999999782 0
199 0.4375000000010749 0.7499999999999067 0
200 0.4375000000008911 0.6875000000000786 0
201 0.5000000000014281 0.8124999999997148 0
202 0.4375000000014425 0.8749999999995751 0
203 0.4375000000012587 0.8124999999997409 0
204 0.500000000001849 0.9374999999997928 0
205 0.4375000000016264 0.9374999999997875 0
206 0.6249999999991487 0.06250000000002665 0
207 0.5624999999991996 0.1250000000001 0
208 0.5624999999990256 0.06250000000004999 0
209 0.624999999999424 0.1875000000000376 0
210 0.5624999999995479 0.2500000000001239 0
211 0.5624999999993738 0.1875000000001119 0
212 0.6249999999996994 0.3125000000000056 0
213 0.5624999999998959 0.3750000000001463 0
214 0.5624999999997219 0.3125000000001351 0
215 0.6249999999999747 0.437499999999972 0
216 0.5625000000002443 0.5000000000001653 0
217 0.5625000000000701 0.4375000000001558 0
218 0.6250000000002502 0.562499999999896 0
219 0.5625000000005922 0.6249999999999749 0
220 0.5625000000004182 0.5625000000000702 0
221 0.6250000000005256 0.6874999999997775 0
222 0.5625000000009406 0.7499999999997808 0
223 0.5625000000007664 0.6874999999998779 0
224 0.625000000000801 0.8124999999996623 0
225 0.5625000000012885 0.8749999999995962 0
226 0.5625000000011147 0.8124999999996886 0
227 0.6250000000010764 0.9374999999998034 0
228 0.5625000000014626 0.9374999999997982 0
229 0.7499999999994035 0.06249999999997995 0
230 0.6874999999993763 0.1250000000000066 0
231 0.687499999999276 0.0625000000000033 0
232 0.7499999999995293 0.1874999999998891 0
233 0.687499999999577 0.2499999999999202 0
234 0.6874999999994766 0.1874999999999634 0
235 0.7499999999996551 0.3124999999997465 0
236 0.6874999999997774 0.374999999999832 0
237 0.6874999999996773 0.312499999999876 0
238 0.7499999999997808 0.4374999999996044 0
239 0.6874999999999782 0.4999999999997444 0
240 0.6874999999998779 0.4374999999997882 0
241 0.7499999999999067 0.5624999999995479 0
242 0.6875000000001788 0.6249999999996995 0
243 0.6875000000000785 0.5624999999997219 0
244 0.7500000000000324 0.687499999999577 0
245 0.6875000000003793 0.7499999999996549 0
246 0.6875000000002791 0.6874999999996773 0
247 0.7500000000001583 0.8124999999996101 0
248 0.68750000000058 0.8749999999996174 0
249 0.6875000000004796 0.8124999999996361 0
250 0.7500000000002842 0.937499999999814 0
251 0.6875000000006803 0.9374999999998087 0
252 0.8749999999996597 0.0624999999999333 0
253 0.8124999999995577 0.1249999999999133 0
254 0.8124999999995316 0.06249999999995663 0
255 0.8749999999996385 0.1874999999997406 0
256 0.8124999999996101 0.2499999999997165 0
257 0.8124999999995839 0.1874999999998149 0
258 0.8749999999996173 0.3124999999994876 0
259 0.8124999999996623 0.3749999999995177 0
260 0.8124999999996362 0.3124999999996171 0
261 0.8749999999995962 0.4374999999992367 0
262 0.8124999999997148 0.4999999999993235 0
263 0.8124999999996885 0.4374999999994206 0
264 0.8749999999995751 0.5624999999991996 0
265 0.8124999999997671 0.624999999999424 0
266 0.812499999999741 0.5624999999993737 0
267 0.874999999999554 0.6874999999993764 0
268 0.8124999999998194 0.7499999999995293 0
269 0.8124999999997933 0.6874999999994766 0
270 0.8749999999995329 0.8124999999995579 0
271 0.8124999999998719 0.8749999999996386 0
272 0.8124999999998456 0.8124999999995839 0
273 0.8749999999995117 0.9374999999998246 0
274 0.8124999999998981 0.9374999999998193 0
275 0.9374999999998246 0.1249999999998199 0
276 0.9374999999998299 0.06249999999990993 0
277 0.9374999999998139 0.2499999999995128 0
278 0.9374999999998193 0.1874999999996663 0
279 0.9374999999998034 0.3749999999992033 0
280 0.9374999999998086 0.312499999999358 0
281 0.9374999999997928 0.4999999999989025 0
282 0.9374999999997981 0.4374999999990529 0
283 0.9374999999997823 0.6249999999991486 0
284 0.9374999999997875 0.5624999999990256 0
285 0.9374999999997717 0.7499999999994036 0
286 0.9374999999997771 0.6874999999992761 0
287 0.9374999999997612 0.8749999999996597 0
288 0.9374999999997664 0.8124999999995317 0
289 0.9374999999997559 0.9374999999998299 0
$EndNodes
$Elements
324
1 15 2 201 1 1
2 15 2 201 2 2
3 15 2 201 3 3
4 15 2 201 4 4
5 1 4 201 1 1 2 1 12
6 1 4 201 1 1 2 12 5
7 1 4 201 1 1 2 5 13
8 1 4 201 1 1 2 13 6
9 1 4 201 1 1 2 6 14
10 1 4 201 1 1 2 14 7
11 1 4 201 1 1 2 7 15
12 1 4 201 1 1 2 15 8
13 1 4 201 1 1 2 8 16
14 1 4 201 1 1 2 16 9
15 1 4 201 1 1 2 9 17
16 1 4 201 1 1 2 17 10
17 1 4 201 1 1 2 10 18
18 1 4 201 1 1 2 18 11
19 1 4 201 1 1 2 11 19
20 1 4 201 1 1 2 19 2
21 1 4 201 2 1 2 2 27
22 1 4 201 2 1 2 27 20
23 1 4 201 2 1 2 20 28
24 1 4 201 2 1 2 28 21
25 1 4 201 2 1 2 21 29
26 1 4 201 2 1 2 29 22
27 1 4 201 2 1 2 22 30
28 1 4 201 2 1 2 30 23
29 1 4 201 2 1 2 23 31
30 1 4 201 2 1 2 31 24
31 1 4 201 2 1 2 24 32
32 1 4 201 2 1 2 32 25
33 1 4 201 2 1 2 25 33
34 1 4 201 2 1 2 33 26
35 1 4 201 2 1 2 26 34
36 1 4 201 2 1 2 34 3
37 1 4 201 3 1 2 3 42
38 1 4 201 3 1 2 42 35
39 1 4 201 3 1 2 35 43
40 1 4 201 3 1 2 43 36
41 1 4 201 3 1 2 36 44
42 1 4 201 3 1 2 44 37
43 1 4 201 3 1 2 37 45
44 1 4 201 3 1 2 45 38
45 1 4 201 3 1 2 38 46
46 1 4 201 3 1 2 46 39
47 1 4 201 3 1 2 39 47
48 1 4 201 3 1 2 47 40
49 1 4 201 3 1 2 40 48
50 1 4 201 3 1 2 48 41
51 1 4 201 3 1 2 41 49
52 1 4 201 3 1 2 49 4
53 1 4 201 4 1 2 4 57
54 1 4 201 4 1 2 57 50
55 1 4 201 4 1 2 50 58
56 1 4 201 4 1 2 58 51
57 1 4 201 4 1 2 51 59
58 1 4 201 4 1 2 59 52
59 1 4 201 4 1 2 52 60
60 1 4 201 4 1 2 60 53
61 1 4 201 4 1 2 53 61
62 1 4 201 4 1 2 61 54
63 1 4 201 4 1 2 54 62
64 1 4 201 4 1 2 62 55
65 1 4 201 4 1 2 55 63
66 1 4 201 4 1 2 63 56
67 1 4 201 4 1 2 56 64
68 1 4 201 4 1 2 64 1
69 3 4 1 6 1 2 1 12 116 64
70 3 4 1 6 1 2 12 5 114 116
71 3 4 1 6 1 2 116 114 65 115
72 3 4 1 6 1 2 64 116 115 56
73 3 4 1 6 1 2 56 115 119 63
74 3 4 1 6 1 2 115 65 117 119
75 3 4 1 6 1 2 119 117 66 118
76 3 4 1 6 1 2 63 119 118 55
77 3 4 1 6 1 2 55 118 122 62
78 3 4 1 6 1 2 118 66 120 122
79 3 4 1 6 1 2 122 120 67 121
80 3 4 1 6 1 2 62 122 121 54
81 3 4 1 6 1 2 54 121 125 61
82 3 4 1 6 1 2 121 67 123 125
83 3 4 1 6 1 2 125 123 68 124
84 3 4 1 6 1 2 61 125 124 53
85 3 4 1 6 1 2 53 124 128 60
86 3 4 1 6 1 2 124 68 126 128
87 3 4 1 6 1 2 128 126 69 127
88 3 4 1 6 1 2 60 128 127 52
89 3 4 1 6 1 2 52 127 131 59
90 3 4 1 6 1 2 127 69 129 131
91 3 4 1 6 1 2 131 129 70 130
92 3 4 1 6 1 2 59 131 130 51
93 3 4 1 6 1 2 51 130 134 58
94 3 4 1 6 1 2 130 70 132 134
95 3 4 1 6 1 2 134 132 71 133
96 3 4 1 6 1 2 58 134 133 50
97 3 4 1 6 1 2 50 133 136 57
98 3 4 1 6 1 2 133 71 135 136
99 3 4 1 6 1 2 136 135 41 49
100 3 4 1 6 1 2 57 136 49 4
101 3 4 1 6 1 2 5 13 139 114
102 3 4 1 6 1 2 13 6 137 139
103 3 4 1 6 1 2 139 137 72 138
104 3 4 1 6 1 2 114 139 138 65
105 3 4 1 6 1 2 65 138 142 117
106 3 4 1 6 1 2 138 72 140 142
107 3 4 1 6 1 2 142 140 73 141
108 3 4 1 6 1 2 117 142 141 66
109 3 4 1 6 1 2 66 141 145 120
110 3 4 1 6 1 2 141 73 143 145
111 3 4 1 6 1 2 145 143 74 144
112 3 4 1 6 1 2 120 145 144 67
113 3 4 1 6 1 2 67 144 148 123
114 3 4 1 6 1 2 144 74 146 148
115 3 4 1 6 1 2 148 146 75 147
116 3 4 1 6 1 2 123 148 147 68
117 3 4 1 6 1 2 68 147 151 126
118 3 4 1 6 1 2 147 75 149 151
119 3 4 1 6 1 2 151 149 76 150
120 3 4 1 6 1 2 126 151 150 69
121 3 4 1 6 1 2 69 150 154 129
122 3 4 1 6 1 2 150 76 152 154
123 3 4 1 6 1 2 154 152 77 153
124 3 4 1 6 1 2 129 154 153 70
125 3 4 1 6 1 2 70 153 157 132
126 3 4 1 6 1 2 153 77 155 157
127 3 4 1 6 1 2 157 155 78 156
128 3 4 1 6 1 2 132 157 156 71
129 3 4 1 6 1 2 71 156 159 135
130 3 4 1 6 1 2 156 78 158 159
131 3 4 1 6 1 2 159 158 40 48
132 3 4 1 6 1 2 135 159 48 41
133 3 4 1 6 1 2 6 14 162 137
134 3 4 1 6 1 2 14 7 160 162
135 3 4 1 6 1 2 162 160 79 161
136 3 4 1 6 1 2 137 162 161 72
137 3 4 1 6 1 2 72 161 165 140
138 3 4 1 6 1 2 161 79 163 165
139 3 4 1 6 1 2 165 163 80 164
140 3 4 1 6 1 2 140 165 164 73
141 3 4 1 6 1 2 73 164 168 143
142 3 4 1 6 1 2 164 80 166 168
143 3 4 1 6 1 2 168 166 81 167
144 3 4 1 6 1 2 143 168 167 74
145 3 4 1 6 1 2 74 167 171 146
146 3 4 1 6 1 2 167 81 169 171
147 3 4 1 6 1 2 171 169 82 170
148 3 4 1 6 1 2 146 171 170 75
149 3 4 1 6 1 2 75 170 174 149
150 3 4 1 6 1 2 170 82 172 174
151 3 4 1 6 1 2 174 172 83 173
152 3 4 1 6 1 2 149 174 173 76
153 3 4 1 6 1 2 76 173 177 152
154 3 4 1 6 1 2 173 83 175 177
155 3 4 1 6 1 2 177 175 84 176
156 3 4 1 6 1 2 152 177 176 77
157 3 4 1 6 1 2 77 176 180 155
158 3 4 1 6 1 2 176 84 178 180
159 3 4 1 6 1 2 180 178 85 179
160 3 4 1 6 1 2 155 180 179 78
161 3 4 1 6 1 2 78 179 182 158
162 3 4 1 6 1 2 179 85 181 182
163 3 4 1 6 1 2 182 181 39 47
164 3 4 1 6 1 2 158 182 47 40
165 3 4 1 6 1 2 7 15 185 160
166 3 4 1 6 1 2 15 8 183 185
167 3 4 1 6 1 2 185 183 86 184
168 3 4 1 6 1 2 160 185 184 79
169 3 4 1 6 1 2 79 184 188 163
170 3 4 1 6 1 2 184 86 186 188
171 3 4 1 6 1 2 188 186 87 187
172 3 4 1 6 1 2 163 188 187 80
173 3 4 1 6 1 2 80 187 191 166
174 3 4 1 6 1 2 187 87 189 191
175 3 4 1 6 1 2 191 189 88 190
176 3 4 1 6 1 2 166 191 190 81
177 3 4 1 6 1 2 81 190 194 169
178 3 4 1 6 1 2 190 88 192 194
179 3 4 1 6 1 2 194 192 89 193
180 3 4 1 6 1 2 169 194 193 82
181 3 4 1 6 1 2 82 193 197 172
182 3 4 1 6 1 2 193 89 195 197
183 3 4 1 6 1 2 197 195 90 196
184 3 4 1 6 1 2 172 197 196 83
185 3 4 1 6 1 2 83 196 200 175
186 3 4 1 6 1 2 196 90 198 200
187 3 4 1 6 1 2 200 198 91 199
188 3 4 1 6 1 2 175 200 199 84
189 3 4 1 6 1 2 84 199 203 178
190 3 4 1 6 1 2 199 91 201 203
191 3 4 1 6 1 2 203 201 92 202
192 3 4 1 6 1 2 178 203 202 85
193 3 4 1 6 1 2 85 202 205 181
194 3 4 1 6 1 2 202 92 204 205
195 3 4 1 6 1 2 205 204 38 46
196 3 4 1 6 1 2 181 205 46 39
197 3 4 1 6 1 2 8 16 208 183
198 3 4 1 6 1 2 16 9 206 208
199 3 4 1 6 1 2 208 206 93 207
200 3 4 1 6 1 2 183 208 207 86
201 3 4 1 6 1 2 86 207 211 186
202 3 4 1 6 1 2 207 93 209 211
203 3 4 1 6 1 2 211 209 94 210
204 3 4 1 6 1 2 186 211 210 87
205 3 4 1 6 1 2 87 210 214 189
206 3 4 1 6 1 2 210 94 212 214
207 3 4 1 6 1 2 214 212 95 213
208 3 4 1 6 1 2 189 214 213 88
209 3 4 1 6 1 2 88 213 217 192
210 3 4 1 6 1 2 213 95 215 217
211 3 4 1 6 1 2 217 215 96 216
212 3 4 1 6 1 2 192 217 216 89
213 3 4 1 6 1 2 89 216 220 195
214 3 4 1 6 1 2 216 96 218 220
215 3 4 1 6 1 2 220 218 97 219
216 3 4 1 6 1 2 195 220 219 90
217 3 4 1 6 1 2 90 219 223 198
218 3 4 1 6 1 2 219 97 221 223
219 3 4 1 6 1 2 223 221 98 222
220 3 4 1 6 1 2 198 223 222 91
221 3 4 1 6 1 2 91 222 226 201
222 3 4 1 6 1 2 222 98 224 226
223 3 4 1 6 1 2 226 224 99 225
224 3 4 1 6 1 2 201 226 225 92
225 3 4 1 6 1 2 92 225 228 204
226 3 4 1 6 1 2 225 99 227 228
227 3 4 1 6 1 2 228 227 37 45
228 3 4 1 6 1 2 204 228 45 38
229 3 4 1 6 1 2 9 17 231 206
230 3 4 1 6 1 2 17 10 229 231
231 3 4 1 6 1 2 231 229 100 230
232 3 4 1 6 1 2 206 231 230 93
233 3 4 1 6 1 2 93 230 234 209
234 3 4 1 6 1 2 230 100 232 234
235 3 4 1 6 1 2 234 232 101 233
236 3 4 1 6 1 2 209 234 233 94
237 3 4 1 6 1 2 94 233 237 212
238 3 4 1 6 1 2 233 101 235 237
239 3 4 1 6 1 2 237 235 102 236
240 3 4 1 6 1 2 212 237 236 95
241 3 4 1 6 1 2 95 236 240 215
242 3 4 1 6 1 2 236 102 238 240
243 3 4 1 6 1 2 240 238 103 239
244 3 4 1 6 1 2 215 240 239 96
245 3 4 1 6 1 2 96 239 243 218
246 3 4 1 6 1 2 239 103 241 243
247 3 4 1 6 1 2 243 241 104 242
248 3 4 1 6 1 2 218 243 242 97
249 3 4 1 6 1 2 97 242 246 221
250 3 4 1 6 1 2 242 104 244 246
251 3 4 1 6 1 2 246 244 105 245
252 3 4 1 6 1 2 221 246 245 98
253 3 4 1 6 1 2 98 245 249 224
254 3 4 1 6 1 2 245 105 247 249
255 3 4 1 6 1 2 249 247 106 248
256 3 4 1 6 1 2 224 249 248 99
257 3 4 1 6 1 2 99 248 251 227
258 3 4 1 6 1 2 248 106 250 251
259 3 4 1 6 1 2 251 250 36 44
260 3 4 1 6 1 2 227 251 44 37
261 3 4 1 6 1 2 10 18 254 229
262 3 4 1 6 1 2 18 11 252 254
263 3 4 1 6 1 2 254 252 107 253
264 3 4 1 6 1 2 229 254 253 100
265 3 4 1 6 1 2 100 253 257 232
266 3 4 1 6 1 2 253 107 255 257
267 3 4 1 6 1 2 257 255 108 256
268 3 4 1 6 1 2 232 257 256 101
269 3 4 1 6 1 2 101 256 260 235
270 3 4 1 6 1 2 256 108 258 260
271 3 4 1 6 1 2 260 258 109 259
272 3 4 1 6 1 2 235 260 259 102
273 3 4 1 6 1 2 102 259 263 238
274 3 4 1 6 1 2 259 109 261 263
275 3 4 1 6 1 2 263 261 110 262
276 3 4 1 6 1 2 238 263 262 103
277 3 4 1 6 1 2 103 262 266 241
278 3 4 1 6 1 2 262 110 264 266
279 3 4 1 6 1 2 266 264 111 265
280 3 4 1 6 1 2 241 266 265 104
281 3 4 1 6 1 2 104 265 269 244
282 3 4 1 6 1 2 265 111 267 269
283 3 4 1 6 1 2 269 267 112 268
284 3 4 1 6 1 2 244 269 268 105
285 3 4 1 6 1 2 105 268 272 247
286 3 4 1 6 1 2 268 112 270 272
287 3 4 1 6 1 2 272 270 113 271
288 3 4 1 6 1 2 247 272 271 106
289 3 4 1 6 1 2 106 271 274 250
290 3 4 1 6 1 2 271 113 273 274
291 3 4 1 6 1 2 274 273 35 43
292 3 4 1 6 1 2 250 274 43 36
293 3 4 1 6 1 2 11 19 276 252
294 3 4 1 6 1 2 19 2 27 276
295 3 4 1 6 1 2 276 27 20 275
296 3 4 1 6 1 2 252 276 275 107
297 3 4 1 6 1 2 107 275 278 255
298 3 4 1 6 1 2 275 20 28 278
299 3 4 1 6 1 2 278 28 21 277
300 3 4 1 6 1 2 255 278 277 108
301 3 4 1 6 1 2 108 277 280 258
302 3 4 1 6 1 2 277 21 29 280
303 3 4 1 6 1 2 280 29 22 279
304 3 4 1 6 1 2 258 280 279 109
305 3 4 1 6 1 2 109 279 282 261
306 3 4 1 6 1 2 279 22 30 282
307 3 4 1 6 1 2 282 30 23 281
308 3 4 1 6 1 2 261 282 281 110
309 3 4 1 6 1 2 110 281 284 264
310 3 4 1 6 1 2 281 23 31 284
311 3 4 1 6 1 2 284 31 24 283
312 3 4 1 6 1 2 264 284 283 111
313 3 4 1 6 1 2 111 283 286 267
314 3 4 1 6 1 2 283 24 32 286
315 3 4 1 6 1 2 286 32 25 285
316 3 4 1 6 1 2 267 286 285 112
317 3 4 1 6 1 2 112 285 288 270
318 3 4 1 6 1 2 285 25 33 288
319 3 4 1 6 1 2 288 33 26 287
320 3 4 1 6 1 2 270 288 287 113
321 3 4 1 6 1 2 113 287 289 273
322 3 4 1 6 1 2 287 26 34 289
323 3 4 1 6 1 2 289 34 3 42
324 3 4 1 6 1 2 273 289 42 35
$EndElements
